199

is de 111166161111661 16611611111111111161111. Alleen

ἰ 111 'hij 3616161 heeft, 11116 1661 hem ter 16613636161

· 1111166111136 36116161 had, (111 zij 161166161 161116
. 11 611111 111 16611661 16116 1611161361; 111 hij 116
161116 1111111161 111661 36161611 16116136111116161·
161, 11 hij aansprakelijk‚ 11111111 6616111161113 1161
16 36616 116111 11 1111163161 1636111111 16 161161 11.
11661 eulpa 111 1161 hem niet aansprakeiijk 1161161,
1111 hij geon 161113 bij 16 6161661161111 heeft, 6116
1661 hem 161661161611111 1611 niet 163 1161611161 161
diligentia kan verpligien. ¹

111. 1838 Β. W. (1. 1992 O. N.)

De 11111611611111611116616111111161111163611111111
66161, 11111 661 1163611 1611111161 16116 hij bij 161
161166161 1111 zijn 1111 111631 hebben 36616631. “

· 1161161111 161111616111116611611111611163611161-3 *aa

1111161 1111161 111613 1663611111 161 1111161 1111613616
116 661611111611 niet op 1161 166111, dan van 1611 (116
11111661 661136 1161661113 61111131.

Dii 1111161, 11116 aansprakeiijkheid 111 Ι161 manda·
11111 163611, 1616611 11 161 1661111161 3616316 36616
6111116113 11661. 111661 merke 1161 op, (111111 1111161
161 661136 is, 1111111, 11111 16 culpa 661 11116116111
1611136113 3611111111 16 6161136161161 (16 111611116-
iijkheid 11611661 111 161 111111161611111, 6116111611611
111661 166161 16 11111111611111611166161111 1111111
1111161161. Β1116116161 161611 16 1116616 alinea van
111 1111161 161 11611 1611116611116136611616136161
in 111. 111161. 2 heeft 11116116161161 36161. 11161111
11111 111 1392 11 1161161116 111661 11611161 &raath
16 611136 166611113111 11111111611111611, 11111111 6116
1611161, 11 1116, 11116 1631611613616161 11361

¹ 131. 1111111611, iiVii, 11111 11611616, 11 11111. 163-1118;
11 11111111, bi. 583; 11111111, Viii, 1. 391 vg.

 

