95

110 000 01001100010011110010 00011001001100, 01 0001ςο
mk 0001000011, 010 eenig 000 011 10 000110 00011 gesto·
len, 01 een 01001 uit 01101010 1001001 000011, 10 0011
000 001001 00110 000 verre 0101 000 01101000 0110100

10 0111001 10 0000001 10 1010, 001101001101100 00110100-
1000 01 001100 0000100010 1100010101 10, 001 00000000 ge-
110001 000 0110, 010 11 er niet geweest 0000, 101 10 000
001000 100001. 00300001101111 001001010010 0011011ον
0000, 110 011000 000010100 00 eulpa 1001001, 0110100010-
100100 0110 101 101 00100100 00000 00010οἰ30 0011010,
110 noch door 011000 10100, 00011 1000 01100 0011101000ος
gebragt 10. 110011 001 00000 011000 oogensohijnlijk3 want
001 op 00110 10000110011001 000 diligens paterfamilias
10100101 10 00000, 00 het 10 00000001· 000 10100110 van
01100 pligt, 11100100ςο100 10 nemen, 100 01010 00110100·
001100 hom 0101 100100, 010 110110001οο 11010001 10 000-
300, 101 hij 0011 0101 1000 000100 0001000010 1100101100
0100000101 10 000010 00 1100010 0010001 der 0010010 000011.

1111100011οη het 0000110011 000 000 000 01001, 1100030
100111 001001· 00110 00000100 0111000110010000000000000
1000 10100010οἰ0 10 100 rogel wel 000 0000101111 0110,
010111 00000 000000 10ος 00000 0000001 men 0010
mag 01011, 01 hij 111 wegloopen 0101 door geschikte
maatregelen 1001100000 0000101000 (b. 0. 1000100 01001
10 11001100, 0100100 10 10001100 000 anderen 10 0101100),
100 0000011001 10 0001 3010001, 00 001 het 11101110 blij·
100, 101, 01001000 het 0001100 10 0100100010 0000010, het
10010- 10 00000010 000000000001 1001 000 10 00Ιο1101011
00 het 00000110 000 den 10000010010100 10 0011011000.
1100 ander 0000110011 was 101 van 000 01001, 1101000
100 11110001 10100100 werdt: 001111 10 10 10101000000

10010 0110 00100001 0001100101 10110001 op 0000 001000 00110 ge-
graasd, 00 000 001 10000. 1110010011 00000011000111 01010, 00110 10
0010010 negligentia 0101, 10 011100001001001010 000010 0010010000-

1011111011 11000111. 111. 10000 pag. 43.

 

