94

moet3 hij 101 1013011, 101 hij 1011 niet door 0111010101 ·
11101 01 111101131θὶ1 00101011 101, 11101111] 1011001100
1001 1110301111 1100110301οη nemen, 011110 100110101, 101
anderen 00113111010111010010 op 10 100111101101. Al
1010 1010111111οηᾶο 1101101113οη a priori 100110 0011111-
101, 10 1001 den 10130101 0101100101010011011 10310-
30100110 0111001Ιῇ11 3011003 was 101, 00101301001011
10301 10 301011, en 101 1010011100 0011111011οη wijs·
1011 011 (1001031010 0111111113 00111001 010110 10101011
10 1100110001, 101 in 011 3010110011101 10301301011011
werd. 80111οἰ1301 01 0110110110011113011 (100 010 10 op
01011, 1011 1101 01111010 101100113101111001111110) 11001
men 11101001001110301131101111111011, 10110110110100113
10101001101101011 om 1011011113 10 10100110101. 11001
10011 11001 men op 111 11010110110010110101301100110
diligentia 11001 101001101111 10 0011110111 10011301, 1001
1101 niet 0110011 101 1011311100 01 100110111010 1011
011011 10, 11001001 1101 001130, 1001101111011011011
11001 1113101101 11011113 10111 30110111. 10110001, het*
10011 1011 00111101001 10101131, 1100110301οη 10 nemon,
011 0011 10301 11110 10100101, 010 3011001 van 11111011 af
1101101, 10 110101, m. a. w. 10 custodia.

111110 10100101, 1101111 11] 10 30101301 1111 1011 de

1011113101101111111001101 01101111101001011110101 -

10111301, zijn, 10111001 1110110 op 1101 10110 1000101111,
1001011011, 00000, 01 101 casus van 10 1111101010 00011. ¹

Μ

ι110110 011010 00011 1011000110 is‚‘ 11000001 10 001010 1010 001010
110010 uit 0010 menscheiijie 110110111310100113000101011, 11001 100100
0111010 0011011011 100 11111011 1011011130101111, 01 10100101011111030·
1013 0111 1010 11001 direct 100 10 0011111101 10. Β. 1. 0101100130·
1001100011 op 0000 weida 1001 3111011, 1101001 eene vis fluminis 103-
30000011 wurdt, 101 101101 1011100101110110011 1101111 10 001010 010010
het 301013 1001110, dat 11111οῑ00 die 110110 30111031 heb: 11100110 1100010
001001100010110 major, die ik 0101 heb 10111101 10011101, 0110010111
1111 1010 3011001101ἰο 0111011101 3011011011οη 000110. 1100110110οτ
1101 1033011 »als 11 01 101] niet mede 30100111011011110100011

 

