150

11011001 011010 100 10010110ςο1 10101, 1011101 de
00010111100110 10130101 101 1811 (10010111111101101
101 1111001 101 101 (101010101101) 1101001.

1110011ος11101110 0011010, 1011 1 1294, 0110100111
0111111οὶ01113, 01 10110011 101 1101 1013001 10 1101101,
-of 011 001 1000101100 (culpa), 0111001 010101 1011001
1101101. 1111 11010011πί101 11001101 10101011 111101 31011
11100111, 101 10 0011010 willens 01 101010 10100ςο-
111011 (1100 11010111, dolus), 11 ,11 01101101001101, 11011
01 010001111ὴο11 Π11100011011,01010101101301101
1011111001 1111110111οω11οἱ1, oder 100 3011111301 11010100
1011100011 worden 101;” 0111010101, 0110 0011010 1001
0101101111 00101 obligatio, 01111101 001110 obligatio 10
1001011031 110 10110010 11001, 01 0011010 1111011101
hot gevolg 10101 0010 0111010110 01110 100 11000110-
113010, 110111100 in 1101 10101 00110113010-1001101
01, 01111 11011110 00110101 110011, 010 10 obligatio 101
11011 10110110, 01 11 0110 011010 00101101 1001101, 01
ha 11011 ,10111001 heeft, 100 010 0110 1111010 jegens 0111-
001101 10111111 1111. 1100111 10011 11001001 in 110110 ge·
101101 10 90111100 Ausmerksamkeit 01 110100, 10011001,
10 10100110 101οΚ1011 10111101. 011010οὴ011 101 gra·
101 heeft 1101 101101 1101; 01 101 beantwoording 101 10
mag, hoo 101 001101 10001 11001, 11011 1011001111-
10111110 111010, welhe over 01110 obligatio 10110101, 10
1001110101. ,

111101 1111111 100101 1011001000110111311011101 1000
1101301111, 1001 1101111] 0110 001111ᾰο10101 01ςο100110-
101110 uitdmkking gebmikt 11111, 01101011010111011
010101 1011010011 1101 10 zoggen, 101 10 00111101001
1011111111 11001 10101, 10 1011010 1001000111 101 dit
bogimel 001 101 10110101011010110. 100 11001 1101 101
101 11010011ιο1101 „Die Ηο1011110111100 1011011010 ist:
110 ihm 0110110110 800110 111011 110 1001111110 zeit
0111111111- 01 10101101;” ¹ 101 101 100111011οτ1 „Dor

¹ 00011100. 31161.

 

